%Initialization
M1 = 100;
K1 = 50;
b = 50;
Te = 20;
M2 = 30;
K12 = 1.6;